11,27 -2.5,100 42.55 4500 20 2500 0 2000 100
11,170 -2.5,100 25 4000 15 1500 0 2000 100
80,80 -2.5,100 55 5500 25 -1500 0 2000 100
15,15 -2.5,100 0 2500 15 -2500 0 2000 100
243,260.5 -2.5,100 42.5 4500 5 500 0 2000 100
187.5,225.5 -2.5,100 25 5000 25 1500 0 3000 100
210,240 -2.5,100 55 5500 25 -1500 0 2000 100
250,290 -2.5,100 55 5500 25 -1500 0 2000 100
175,325.5 5,100 25 5500 25 -1500 750 3000 100
155,160 5,100 0 2500 25 0 750 4000 100
Dream
187.5,192.5 5,100 55 2500 35 0 750 4000 100
252.5,257.5 5,100 45 2500 25 0 750 1000 100
297.5,297.5 -2.5,100 25 2500 55 500 0 1000 100
336.5,1500 -2.5,100 25 1000 20 -1500 0 2000 -35
1534,1644 -2.5,100 55 5500 20 -1500 0 2000 -45
Dream
263,280.5 -2.5,100 42.5 4500 15 500 0 2000 -100
263,280.5 -2.5,100 42.5 4500 0 500 0 2000 -75